0.00
0.00
0.00
-6.74
-19.79
-33.17
-47.56
-55.03
-66.88
-79.95
-84.67
-95.45
-102.44
-106.07
-105.21
-109.58
-125.68
-129.98
-132.97
-140.04
-134.40
-150.54
-148.99
-146.52
-157.85
-157.95
-164.18
-162.36
-165.90
-165.04
-163.61
-164.20
-162.73
-163.01
-170.30
-176.02
-178.98
-170.92
-167.67
-169.36
-167.03
-176.06
-162.45
-159.69
-189.48
-179.53
-170.67
-175.57
-169.91
-174.40
-175.64
-164.73
-175.59
-172.71
-176.75
-177.83
-173.06
-170.81
-186.14
-183.71
-152.00
-176.51
-186.52
-166.79
-195.80
-171.32
-182.47
-169.74
-181.70
-184.05
-183.56
-178.51
-182.70
-196.41
-189.98