0.00
0.00
-492.76
-771.06
-886.21
-1120.28
-1201.98
-1346.61
-1543.08
-1701.69
-1780.11
-1888.26
-2007.73
-2077.18
-2196.07
-2212.29
-2213.91
-2214.08
-2214.09
-2214.09
-2214.09
-2214.09
-2214.09
-2214.09
-2214.09
-2214.09
-2214.09
-2214.09
-2214.09
-2214.09
-2214.09
-2214.09
-2214.09
-2214.09
-2214.09
-2214.09
-2214.09
-2214.09
-2214.09
-2214.09
-2214.09
-2214.09
-2214.09
-2214.09
-2214.09
-2214.09
-2214.09
-2214.09
-2214.09
-2214.09
-2214.09
-2214.09
-2214.09
-2214.09
-2214.09
-2214.09
-2214.09
-2214.09
-2214.09
-2214.09
-2214.09
-2214.09
-2214.09
-2214.09
-2214.09
-2214.09
-2214.09
-2214.09
-2214.09
-2214.09
-2214.09
-2214.09
-2214.09
-2214.09
-2214.09
-2214.09
-2214.09
-2214.09
-2214.09
-2214.09
-2214.09
-2214.09
-2214.09
-2214.09
-2214.09
-2214.09
-2214.09
-2214.09
-2214.09
-2214.09
-2214.09
-2214.09
-2214.09
-2214.09
-2214.09
-2214.09
-2214.09
-2214.09
-2214.09
-2214.09
-2214.09
-2214.09
-2214.09
-2214.09
-2214.09
-2214.09
-2214.09
-2214.09
-2214.09
-2214.09
-2214.09
-2214.09
-2214.09
-2214.09
-2214.09
-2214.09
-2214.09
-2214.09
-2214.09
-2214.09
-2214.09
-2214.09
-2214.09
-2214.09
-2214.09
-2214.09
-2214.09
-2214.09
-2214.09
-2214.09
-2214.09
-2214.09
-2214.09
-2214.09
-2214.09
-2214.09
-2214.09
-2214.09
-2214.09
-2214.09
-2214.09
-2214.09
-2214.09
-2214.09
-2214.09
-2214.09
-2214.09
-2214.09
-2214.09
-2214.09
-2214.09
-2214.09
-2214.09
-2214.09
-2214.09
-2214.09
-2214.09
-2214.09
-2214.09
-2214.09
-2214.09
-2214.09
-2214.09
-2214.09
-2214.09
-2214.09
-2214.09
-2214.09
-2214.09
-2214.09
-2214.09
-2214.09
-2214.09
-2214.09
-2214.09
-2214.09
-2214.09
-2214.09
-2214.09
-2214.09
-2214.09
-2214.09
-2214.09
-2214.09
-2214.09
-2214.09
-2214.09
-2214.09
-2214.09
-2214.09
-2214.09
-2214.09
-2214.09
-2214.09
-2214.09
-2214.09
-2214.09
-2214.09
-2214.09
-2214.09
-2214.09
-2214.09
-2214.09
-2214.09
-2214.09
-2214.09
-2214.09
-2214.09
-2214.09
-2214.09
-2214.09
-2214.09
-2214.09
-2214.09
-2214.09
-2214.09
-2214.09
-2214.09
-2214.09
-2214.09
-2214.09
-2214.09
-2214.09
-2214.09
-2214.09
-2214.09
-2214.09
-2214.09
-2214.09
-2214.09
-2214.09
-2214.09
-2214.09
-2214.09
-2214.09
-2214.09
-2214.09
-2214.09
-2214.09
-2214.09
-2214.09
-2214.09
-2214.09
-2214.09
-2214.09
-2214.09
-2214.09
-2214.09
-2214.09
-2214.09
-2214.09
-2214.09
-2214.09
-2214.09
-2214.09
-2214.09
-2214.09
-2214.09
-2214.09
-2214.09
-2214.09
-2214.09
-2214.09
-2214.09
-2214.09
-2214.09
-2214.09
-2214.09
-2214.09
-2214.09
-2214.09
-2214.09
-2214.09
-2214.09
-2214.09
-2214.09
-2214.09
-2214.09
-2214.09
-2214.09
-2214.09
-2214.09
-2214.09
-2214.09
-2214.09
-2214.09
-2214.09
-2214.09
-2214.09
-2214.09
-2214.09
-2214.09
-2214.09
-2214.09
-2214.09
-2214.09
-2214.09
-2214.09
-2214.09
-2214.09
-2214.09
-2214.09
-2214.09
-2214.09
-2214.09
-2214.09
-2214.09
-2214.09
-2214.09
-2214.09
-2214.09
-2214.09
-2214.09
-2214.09
-2214.09
-2214.09
-2214.09
-2214.09
-2214.09
-2214.09
-2214.09
-2214.09
-2214.09
-2214.09
-2214.09
-2214.09
-2214.09
-2214.09
-2214.09
-2214.09
-2214.09
-2214.09
-2214.09
-2214.09
-2214.09
-2214.09
-2214.09
-2214.09
-2214.09
-2214.09
-2214.09
-2214.09
-2214.09
-2214.09
-2214.09
-2214.09
-2214.09
-2214.09
-2214.09
-2214.09
-2214.09
-2214.09
-2214.09
-2214.09
-2214.09
-2214.09
-2214.09
-2214.09
-2214.09
-2214.09
-2214.09
-2214.09
-2214.09
-2214.09
-2214.09
-2214.09
-2214.09
-2214.09
-2214.09
-2214.09
-2214.09
-2214.09
-2214.09
-2214.09
-2214.09
-2214.09
-2214.09
-2214.09
-2214.09
-2214.09
-2214.09
-2214.09
-2214.09
-2214.09
-2214.09
-2214.09
-2214.09
-2214.09
-2214.09
-2214.09
-2214.09
-2214.09
-2214.09
-2214.09
-2214.09
-2214.09
-2214.09
-2214.09
-2214.09
-2214.09
-2214.09
-2214.09
-2214.09
-2214.09
-2214.09
-2214.09
-2214.09
-2214.09
-2214.09
-2214.09
-2214.09
-2214.09
-2214.09
-2214.09
-2214.09
-2214.09
-2214.09
-2214.09
-2214.09
-2214.09
-2214.09
-2214.09
-2214.09
-2214.09
-2214.09
-2214.09
-2214.09
-2214.09
-2214.09
-2214.09
-2214.09
-2214.09
-2214.09
-2214.09
-2214.09
-2214.09
-2214.09
-2214.09
-2214.09
-2214.09
-2214.09
-2214.09
-2214.09
-2214.09
-2214.09
-2214.09
-2214.09
-2214.09
-2214.09
-2214.09
-2214.09
-2214.09
-2214.09
-2214.09
-2214.09
-2214.09
-2214.09
-2214.09
-2214.09
-2214.09
-2214.09
-2214.09
-2214.09
-2214.09
-2214.09
-2214.09
-2214.09
-2214.09
-2214.09
-2214.09
-2214.09
-2214.09
-2214.09
-2214.09
-2214.09
-2214.09
-2214.09
-2214.09
-2214.09
-2214.09
-2214.09
-2214.09
-2214.09
-2214.09
-2214.09
-2214.09
-2214.09
-2214.09
-2214.09
-2214.09
-2214.09
-2214.09
-2214.09
-2214.09
-2214.09
-2214.09
-2214.09
-2214.09
-2214.09
-2214.09
-2214.09
-2214.09
-2214.09
-2214.09
-2214.09
-2214.09
-2214.09
-2214.09
-2214.09
-2214.09
-2214.09
-2214.09
-2214.09
-2214.09
-2214.09
-2214.09
-2214.09
-2214.09
-2214.09
-2214.09
-2214.09
-2214.09
-2214.09
-2214.09
-2214.09
-2214.09
-2214.09
-2214.09
-2214.09
-2214.09
-2214.09
-2214.09
-2214.09
-2214.09
-2214.09
-2214.09
-2214.09
-2214.09
-2214.09
-2214.09
-2214.09
-2214.09
-2214.09
-2214.09
-2214.09
-2214.09
-2214.09
-2214.09
-2214.09
-2214.09
-2214.09
-2214.09
-2214.09
-2214.09
-2214.09
-2214.09
-2214.09
-2214.09
-2214.09
-2214.09
-2214.09
-2214.09
-2214.09
-2214.09
-2214.09
-2214.09
-2214.09
-2214.09
-2214.09
-2214.09
-2214.09
-2214.09
-2214.09
-2214.09
-2214.09
-2214.09
-2214.09
-2214.09
-2214.09
-2214.09
-2214.09
-2214.09
-2214.09
-2214.09
-2214.09
-2214.09
-2214.09
-2214.09
-2214.09
-2214.09
-2214.09
-2214.09
-2214.09
-2214.09
-2214.09
-2214.09
-2214.09
-2214.09
-2214.09
-2214.09
-2214.09
-2214.09
-2176.41
-2090.51
-2023.45
-1973.99
